TTFB: 0.000000s
Total: 2.247916s
